
voxel grid:
  (32, 128, 128)

cell voxel counts:
  1 4081
  2 4121
  3 4442
  4 4487
  5 2005
  6 4223
  7 3665

cell voxel face adjacency counts:
[[1362    0  358   10  460    0    0    0]
 [1039  358    0  449  288  272   86    0]
 [1630   10  449    0   38  222    7    0]
 [1188  460  288   38    0    7  503    0]
 [ 563    0  272  222    7    0   74  392]
 [1193    0   86    7  503   74    0  521]
 [1303    0    0    0    0  392  521    0]] 

